{
 "cells": [
  {
   "cell_type": "code",
   "execution_count": 2,
   "metadata": {
    "ExecuteTime": {
     "end_time": "2025-03-23T15:40:05.682699Z",
     "start_time": "2025-03-23T15:40:05.678727Z"
    }
   },
   "outputs": [],
   "source": [
    "import h5py\n",
    "import numpy as np\n",
    "from collections import defaultdict\n",
    "import pandas as pd \n",
    "\n",
    "from plotting_tools import *"
   ]
  },
  {
   "cell_type": "code",
   "execution_count": 147,
   "metadata": {},
   "outputs": [],
   "source": [
    "experiment_series = \"20250529\"\n",
    "df = pd.read_csv(f\"../../preprocessing/preprocessed_data/{experiment_series}/1_output_v4_travel_times.csv\")"
   ]
  },
  {
   "cell_type": "code",
   "execution_count": 148,
   "metadata": {},
   "outputs": [],
   "source": [
    "df.columns = df.columns.str.strip()\n",
    "df.iloc[:,0] = df.iloc[:,0].str.strip()"
   ]
  },
  {
   "cell_type": "code",
   "execution_count": 149,
   "metadata": {},
   "outputs": [],
   "source": [
    "col_pos = round(len(df.columns)/2)-1\n",
    "col1 = df.columns[col_pos][:6]\n",
    "row1_index = df.columns[col_pos][6:]\n",
    "row1 = df.columns.tolist()[col_pos+1:]\n",
    "df = df.iloc[:,:col_pos+1]\n",
    "df.rename(columns={df.columns[col_pos]: col1}, inplace=True)\n"
   ]
  },
  {
   "cell_type": "code",
   "execution_count": 155,
   "metadata": {},
   "outputs": [],
   "source": [
    "df = pd.concat([df, pd.DataFrame([row1_index]+row1, index=df.columns[:]).T])"
   ]
  },
  {
   "cell_type": "code",
   "execution_count": 156,
   "metadata": {},
   "outputs": [],
   "source": [
    "df.columns = [manhole_names[x] if x in manhole_names.keys() else x for x in df.columns.values.tolist()]\n",
    "df.iloc[:,0] = [manhole_names[x] if x in manhole_names.keys() else x for x in df.iloc[:,0].values]\n",
    "df = df.set_index(\"\")"
   ]
  },
  {
   "cell_type": "code",
   "execution_count": 158,
   "metadata": {},
   "outputs": [],
   "source": [
    "df = df.loc[df.index.isin(manhole_names.values()), df.columns.isin(manhole_names.values())]"
   ]
  },
  {
   "cell_type": "code",
   "execution_count": 169,
   "metadata": {},
   "outputs": [
    {
     "data": {
      "text/html": [
       "<div>\n",
       "<style scoped>\n",
       "    .dataframe tbody tr th:only-of-type {\n",
       "        vertical-align: middle;\n",
       "    }\n",
       "\n",
       "    .dataframe tbody tr th {\n",
       "        vertical-align: top;\n",
       "    }\n",
       "\n",
       "    .dataframe thead th {\n",
       "        text-align: right;\n",
       "    }\n",
       "</style>\n",
       "<table border=\"1\" class=\"dataframe\">\n",
       "  <thead>\n",
       "    <tr style=\"text-align: right;\">\n",
       "      <th></th>\n",
       "      <th>N_Ua</th>\n",
       "      <th>N_Ub</th>\n",
       "      <th>N_Uc</th>\n",
       "      <th>C_U</th>\n",
       "      <th>S_Ua</th>\n",
       "      <th>S_Ub</th>\n",
       "      <th>S_M1</th>\n",
       "      <th>S_M2</th>\n",
       "      <th>S_M3</th>\n",
       "      <th>S_M4</th>\n",
       "      <th>E_U</th>\n",
       "      <th>E_M</th>\n",
       "      <th>N_D</th>\n",
       "      <th>SCE_D1</th>\n",
       "      <th>SCE_D2</th>\n",
       "      <th>Overall</th>\n",
       "    </tr>\n",
       "    <tr>\n",
       "      <th></th>\n",
       "      <th></th>\n",
       "      <th></th>\n",
       "      <th></th>\n",
       "      <th></th>\n",
       "      <th></th>\n",
       "      <th></th>\n",
       "      <th></th>\n",
       "      <th></th>\n",
       "      <th></th>\n",
       "      <th></th>\n",
       "      <th></th>\n",
       "      <th></th>\n",
       "      <th></th>\n",
       "      <th></th>\n",
       "      <th></th>\n",
       "      <th></th>\n",
       "    </tr>\n",
       "  </thead>\n",
       "  <tbody>\n",
       "    <tr>\n",
       "      <th>N_Ua</th>\n",
       "      <td>0.0</td>\n",
       "      <td>2.753056</td>\n",
       "      <td>3.813611</td>\n",
       "      <td>5.308333</td>\n",
       "      <td>7.217222</td>\n",
       "      <td>7.401667</td>\n",
       "      <td>6.966667</td>\n",
       "      <td>6.082222</td>\n",
       "      <td>5.844167</td>\n",
       "      <td>5.846111</td>\n",
       "      <td>4.856389</td>\n",
       "      <td>4.26</td>\n",
       "      <td>1.971111</td>\n",
       "      <td>3.495833</td>\n",
       "      <td>2.440556</td>\n",
       "      <td>2.479167</td>\n",
       "    </tr>\n",
       "    <tr>\n",
       "      <th>N_Ub</th>\n",
       "      <td>2.753056</td>\n",
       "      <td>0.0</td>\n",
       "      <td>6.100833</td>\n",
       "      <td>5.876944</td>\n",
       "      <td>6.447778</td>\n",
       "      <td>6.632222</td>\n",
       "      <td>5.527778</td>\n",
       "      <td>4.679167</td>\n",
       "      <td>4.441389</td>\n",
       "      <td>4.369444</td>\n",
       "      <td>5.425</td>\n",
       "      <td>4.828611</td>\n",
       "      <td>2.539722</td>\n",
       "      <td>4.064444</td>\n",
       "      <td>3.009167</td>\n",
       "      <td>3.047778</td>\n",
       "    </tr>\n",
       "    <tr>\n",
       "      <th>N_Uc</th>\n",
       "      <td>3.813611</td>\n",
       "      <td>6.100833</td>\n",
       "      <td>0.0</td>\n",
       "      <td>4.745</td>\n",
       "      <td>4.271667</td>\n",
       "      <td>4.456111</td>\n",
       "      <td>4.021111</td>\n",
       "      <td>3.136667</td>\n",
       "      <td>2.898611</td>\n",
       "      <td>2.900556</td>\n",
       "      <td>4.293056</td>\n",
       "      <td>3.696944</td>\n",
       "      <td>5.319167</td>\n",
       "      <td>3.205556</td>\n",
       "      <td>5.788333</td>\n",
       "      <td>5.827222</td>\n",
       "    </tr>\n",
       "    <tr>\n",
       "      <th>C_U</th>\n",
       "      <td>5.308333</td>\n",
       "      <td>5.876944</td>\n",
       "      <td>4.745</td>\n",
       "      <td>0.0</td>\n",
       "      <td>3.923056</td>\n",
       "      <td>4.1075</td>\n",
       "      <td>3.002778</td>\n",
       "      <td>2.154444</td>\n",
       "      <td>1.916389</td>\n",
       "      <td>1.844444</td>\n",
       "      <td>2.9</td>\n",
       "      <td>2.303889</td>\n",
       "      <td>3.337222</td>\n",
       "      <td>1.8125</td>\n",
       "      <td>2.867778</td>\n",
       "      <td>3.053889</td>\n",
       "    </tr>\n",
       "    <tr>\n",
       "      <th>S_Ua</th>\n",
       "      <td>7.217222</td>\n",
       "      <td>6.447778</td>\n",
       "      <td>4.271667</td>\n",
       "      <td>3.923056</td>\n",
       "      <td>0.0</td>\n",
       "      <td>1.81</td>\n",
       "      <td>1.375278</td>\n",
       "      <td>2.223611</td>\n",
       "      <td>2.076667</td>\n",
       "      <td>2.078611</td>\n",
       "      <td>3.471111</td>\n",
       "      <td>2.874722</td>\n",
       "      <td>3.908056</td>\n",
       "      <td>2.383611</td>\n",
       "      <td>3.438889</td>\n",
       "      <td>3.625</td>\n",
       "    </tr>\n",
       "    <tr>\n",
       "      <th>S_Ub</th>\n",
       "      <td>7.401667</td>\n",
       "      <td>6.632222</td>\n",
       "      <td>4.456111</td>\n",
       "      <td>4.1075</td>\n",
       "      <td>1.81</td>\n",
       "      <td>0.0</td>\n",
       "      <td>0.467778</td>\n",
       "      <td>1.316389</td>\n",
       "      <td>1.554444</td>\n",
       "      <td>1.626111</td>\n",
       "      <td>3.018889</td>\n",
       "      <td>2.4225</td>\n",
       "      <td>4.0925</td>\n",
       "      <td>2.568056</td>\n",
       "      <td>2.986389</td>\n",
       "      <td>3.1725</td>\n",
       "    </tr>\n",
       "    <tr>\n",
       "      <th>S_M1</th>\n",
       "      <td>6.966667</td>\n",
       "      <td>5.527778</td>\n",
       "      <td>4.021111</td>\n",
       "      <td>3.002778</td>\n",
       "      <td>1.375278</td>\n",
       "      <td>0.467778</td>\n",
       "      <td>0.0</td>\n",
       "      <td>0.848611</td>\n",
       "      <td>1.086389</td>\n",
       "      <td>1.158333</td>\n",
       "      <td>2.550833</td>\n",
       "      <td>1.954722</td>\n",
       "      <td>2.988056</td>\n",
       "      <td>1.463333</td>\n",
       "      <td>2.518611</td>\n",
       "      <td>2.704722</td>\n",
       "    </tr>\n",
       "    <tr>\n",
       "      <th>S_M2</th>\n",
       "      <td>6.082222</td>\n",
       "      <td>4.679167</td>\n",
       "      <td>3.136667</td>\n",
       "      <td>2.154444</td>\n",
       "      <td>2.223611</td>\n",
       "      <td>1.316389</td>\n",
       "      <td>0.848611</td>\n",
       "      <td>0.0</td>\n",
       "      <td>0.238056</td>\n",
       "      <td>0.309722</td>\n",
       "      <td>1.7025</td>\n",
       "      <td>1.106111</td>\n",
       "      <td>2.139444</td>\n",
       "      <td>0.615</td>\n",
       "      <td>1.67</td>\n",
       "      <td>1.856111</td>\n",
       "    </tr>\n",
       "    <tr>\n",
       "      <th>S_M3</th>\n",
       "      <td>5.844167</td>\n",
       "      <td>4.441389</td>\n",
       "      <td>2.898611</td>\n",
       "      <td>1.916389</td>\n",
       "      <td>2.076667</td>\n",
       "      <td>1.554444</td>\n",
       "      <td>1.086389</td>\n",
       "      <td>0.238056</td>\n",
       "      <td>0.0</td>\n",
       "      <td>0.071944</td>\n",
       "      <td>1.464444</td>\n",
       "      <td>0.868056</td>\n",
       "      <td>1.901667</td>\n",
       "      <td>0.376944</td>\n",
       "      <td>1.432222</td>\n",
       "      <td>1.618333</td>\n",
       "    </tr>\n",
       "    <tr>\n",
       "      <th>S_M4</th>\n",
       "      <td>5.846111</td>\n",
       "      <td>4.369444</td>\n",
       "      <td>2.900556</td>\n",
       "      <td>1.844444</td>\n",
       "      <td>2.078611</td>\n",
       "      <td>1.626111</td>\n",
       "      <td>1.158333</td>\n",
       "      <td>0.309722</td>\n",
       "      <td>0.071944</td>\n",
       "      <td>0.0</td>\n",
       "      <td>1.3925</td>\n",
       "      <td>0.796389</td>\n",
       "      <td>1.829722</td>\n",
       "      <td>0.305</td>\n",
       "      <td>1.360278</td>\n",
       "      <td>1.546389</td>\n",
       "    </tr>\n",
       "    <tr>\n",
       "      <th>E_U</th>\n",
       "      <td>4.856389</td>\n",
       "      <td>5.425</td>\n",
       "      <td>4.293056</td>\n",
       "      <td>2.9</td>\n",
       "      <td>3.471111</td>\n",
       "      <td>3.018889</td>\n",
       "      <td>2.550833</td>\n",
       "      <td>1.7025</td>\n",
       "      <td>1.464444</td>\n",
       "      <td>1.3925</td>\n",
       "      <td>0.0</td>\n",
       "      <td>0.596389</td>\n",
       "      <td>2.885278</td>\n",
       "      <td>1.360556</td>\n",
       "      <td>2.415833</td>\n",
       "      <td>2.601944</td>\n",
       "    </tr>\n",
       "    <tr>\n",
       "      <th>E_M</th>\n",
       "      <td>4.26</td>\n",
       "      <td>4.828611</td>\n",
       "      <td>3.696944</td>\n",
       "      <td>2.303889</td>\n",
       "      <td>2.874722</td>\n",
       "      <td>2.4225</td>\n",
       "      <td>1.954722</td>\n",
       "      <td>1.106111</td>\n",
       "      <td>0.868056</td>\n",
       "      <td>0.796389</td>\n",
       "      <td>0.596389</td>\n",
       "      <td>0.0</td>\n",
       "      <td>2.288889</td>\n",
       "      <td>0.764444</td>\n",
       "      <td>1.819444</td>\n",
       "      <td>2.005556</td>\n",
       "    </tr>\n",
       "    <tr>\n",
       "      <th>N_D</th>\n",
       "      <td>1.971111</td>\n",
       "      <td>2.539722</td>\n",
       "      <td>5.319167</td>\n",
       "      <td>3.337222</td>\n",
       "      <td>3.908056</td>\n",
       "      <td>3.455833</td>\n",
       "      <td>2.988056</td>\n",
       "      <td>2.139444</td>\n",
       "      <td>1.901667</td>\n",
       "      <td>1.829722</td>\n",
       "      <td>2.885278</td>\n",
       "      <td>2.288889</td>\n",
       "      <td>0.0</td>\n",
       "      <td>1.524722</td>\n",
       "      <td>0.469444</td>\n",
       "      <td>0.508056</td>\n",
       "    </tr>\n",
       "    <tr>\n",
       "      <th>SCE_D1</th>\n",
       "      <td>3.495833</td>\n",
       "      <td>4.064444</td>\n",
       "      <td>3.205556</td>\n",
       "      <td>1.8125</td>\n",
       "      <td>2.383611</td>\n",
       "      <td>2.568056</td>\n",
       "      <td>1.463333</td>\n",
       "      <td>0.615</td>\n",
       "      <td>0.376944</td>\n",
       "      <td>0.305</td>\n",
       "      <td>1.360556</td>\n",
       "      <td>0.764444</td>\n",
       "      <td>1.524722</td>\n",
       "      <td>0.0</td>\n",
       "      <td>1.055278</td>\n",
       "      <td>1.241389</td>\n",
       "    </tr>\n",
       "    <tr>\n",
       "      <th>SCE_D2</th>\n",
       "      <td>2.440556</td>\n",
       "      <td>3.009167</td>\n",
       "      <td>5.788333</td>\n",
       "      <td>2.867778</td>\n",
       "      <td>3.438889</td>\n",
       "      <td>3.623056</td>\n",
       "      <td>2.518611</td>\n",
       "      <td>1.67</td>\n",
       "      <td>1.432222</td>\n",
       "      <td>1.360278</td>\n",
       "      <td>2.415833</td>\n",
       "      <td>1.819444</td>\n",
       "      <td>0.469444</td>\n",
       "      <td>1.055278</td>\n",
       "      <td>0.0</td>\n",
       "      <td>0.186111</td>\n",
       "    </tr>\n",
       "    <tr>\n",
       "      <th>Overall</th>\n",
       "      <td>2.479167</td>\n",
       "      <td>3.047778</td>\n",
       "      <td>5.827222</td>\n",
       "      <td>3.053889</td>\n",
       "      <td>3.625</td>\n",
       "      <td>3.809167</td>\n",
       "      <td>2.704722</td>\n",
       "      <td>1.856111</td>\n",
       "      <td>1.618333</td>\n",
       "      <td>1.546389</td>\n",
       "      <td>2.601944</td>\n",
       "      <td>2.005556</td>\n",
       "      <td>0.508056</td>\n",
       "      <td>1.241389</td>\n",
       "      <td>0.186111</td>\n",
       "      <td>0.0</td>\n",
       "    </tr>\n",
       "  </tbody>\n",
       "</table>\n",
       "</div>"
      ],
      "text/plain": [
       "             N_Ua      N_Ub      N_Uc       C_U      S_Ua      S_Ub      S_M1  \\\n",
       "                                                                                \n",
       "N_Ua          0.0  2.753056  3.813611  5.308333  7.217222  7.401667  6.966667   \n",
       "N_Ub     2.753056       0.0  6.100833  5.876944  6.447778  6.632222  5.527778   \n",
       "N_Uc     3.813611  6.100833       0.0     4.745  4.271667  4.456111  4.021111   \n",
       "C_U      5.308333  5.876944     4.745       0.0  3.923056    4.1075  3.002778   \n",
       "S_Ua     7.217222  6.447778  4.271667  3.923056       0.0      1.81  1.375278   \n",
       "S_Ub     7.401667  6.632222  4.456111    4.1075      1.81       0.0  0.467778   \n",
       "S_M1     6.966667  5.527778  4.021111  3.002778  1.375278  0.467778       0.0   \n",
       "S_M2     6.082222  4.679167  3.136667  2.154444  2.223611  1.316389  0.848611   \n",
       "S_M3     5.844167  4.441389  2.898611  1.916389  2.076667  1.554444  1.086389   \n",
       "S_M4     5.846111  4.369444  2.900556  1.844444  2.078611  1.626111  1.158333   \n",
       "E_U      4.856389     5.425  4.293056       2.9  3.471111  3.018889  2.550833   \n",
       "E_M          4.26  4.828611  3.696944  2.303889  2.874722    2.4225  1.954722   \n",
       "N_D      1.971111  2.539722  5.319167  3.337222  3.908056  3.455833  2.988056   \n",
       "SCE_D1   3.495833  4.064444  3.205556    1.8125  2.383611  2.568056  1.463333   \n",
       "SCE_D2   2.440556  3.009167  5.788333  2.867778  3.438889  3.623056  2.518611   \n",
       "Overall  2.479167  3.047778  5.827222  3.053889     3.625  3.809167  2.704722   \n",
       "\n",
       "             S_M2      S_M3      S_M4       E_U       E_M       N_D    SCE_D1  \\\n",
       "                                                                                \n",
       "N_Ua     6.082222  5.844167  5.846111  4.856389      4.26  1.971111  3.495833   \n",
       "N_Ub     4.679167  4.441389  4.369444     5.425  4.828611  2.539722  4.064444   \n",
       "N_Uc     3.136667  2.898611  2.900556  4.293056  3.696944  5.319167  3.205556   \n",
       "C_U      2.154444  1.916389  1.844444       2.9  2.303889  3.337222    1.8125   \n",
       "S_Ua     2.223611  2.076667  2.078611  3.471111  2.874722  3.908056  2.383611   \n",
       "S_Ub     1.316389  1.554444  1.626111  3.018889    2.4225    4.0925  2.568056   \n",
       "S_M1     0.848611  1.086389  1.158333  2.550833  1.954722  2.988056  1.463333   \n",
       "S_M2          0.0  0.238056  0.309722    1.7025  1.106111  2.139444     0.615   \n",
       "S_M3     0.238056       0.0  0.071944  1.464444  0.868056  1.901667  0.376944   \n",
       "S_M4     0.309722  0.071944       0.0    1.3925  0.796389  1.829722     0.305   \n",
       "E_U        1.7025  1.464444    1.3925       0.0  0.596389  2.885278  1.360556   \n",
       "E_M      1.106111  0.868056  0.796389  0.596389       0.0  2.288889  0.764444   \n",
       "N_D      2.139444  1.901667  1.829722  2.885278  2.288889       0.0  1.524722   \n",
       "SCE_D1      0.615  0.376944     0.305  1.360556  0.764444  1.524722       0.0   \n",
       "SCE_D2       1.67  1.432222  1.360278  2.415833  1.819444  0.469444  1.055278   \n",
       "Overall  1.856111  1.618333  1.546389  2.601944  2.005556  0.508056  1.241389   \n",
       "\n",
       "           SCE_D2   Overall  \n",
       "                             \n",
       "N_Ua     2.440556  2.479167  \n",
       "N_Ub     3.009167  3.047778  \n",
       "N_Uc     5.788333  5.827222  \n",
       "C_U      2.867778  3.053889  \n",
       "S_Ua     3.438889     3.625  \n",
       "S_Ub     2.986389    3.1725  \n",
       "S_M1     2.518611  2.704722  \n",
       "S_M2         1.67  1.856111  \n",
       "S_M3     1.432222  1.618333  \n",
       "S_M4     1.360278  1.546389  \n",
       "E_U      2.415833  2.601944  \n",
       "E_M      1.819444  2.005556  \n",
       "N_D      0.469444  0.508056  \n",
       "SCE_D1   1.055278  1.241389  \n",
       "SCE_D2        0.0  0.186111  \n",
       "Overall  0.186111       0.0  "
      ]
     },
     "execution_count": 169,
     "metadata": {},
     "output_type": "execute_result"
    }
   ],
   "source": [
    "df.reindex(index=list(manhole_names.values()),columns=list(manhole_names.values()))/(60*60)"
   ]
  }
 ],
 "metadata": {
  "kernelspec": {
   "display_name": ".venv",
   "language": "python",
   "name": "python3"
  },
  "language_info": {
   "codemirror_mode": {
    "name": "ipython",
    "version": 3
   },
   "file_extension": ".py",
   "mimetype": "text/x-python",
   "name": "python",
   "nbconvert_exporter": "python",
   "pygments_lexer": "ipython3",
   "version": "3.10.12"
  }
 },
 "nbformat": 4,
 "nbformat_minor": 2
}
